9477
7574
8790
8208
10696
8319
11231
10173
9819
8953
8822
9971
8803
9116
11203
11823
8390
11778
11731
10734
10932
8030
10224
10687
8652
9048
8264
11912
10055
7962
8769
11023
11972
10417
9030
11953
8929
9290
9673
8530
11919
10747
8388
9240
7587
10200
7541
10161
9914
9311
8894
10762
9846
11721
8269
8946
9351
10104
11556
9147
7555
11320
7618
9356
7683
9799
10000
10386
7585
11251
10393
11100
9605
10701
10816
7684
11643
8483
10600
10453
9006
10103
9497
8243
11069
10008
8677
7751
9648
7583
10102
10826
9734
8026
8475
8098
10629
11033
9057
9788
7700
9155
10075
10664
10918
9794
8656
11146
8404
8084
9304
8367
11504
8603
7640
9452
9322
11375
10287
9675
8622
9748
8238
7502
8649
11567
8865
9079
9725
10217
9056
8110
11427
8311
10252
11852
7527
10834
9326
8774
8852
9531
11347
9063
10280
9234
11323
8631
7885
11023
10777
11255
8245
11382
8666
9952
8417
10073
9514
11351
8429
11578
8920
10188
11029
8694
8940
10692
10351
7789
9425
10488
9549
9012
8323
11091
10402
11175
9222
11415
7744
7733
8693
10703
11440
9802
11865
7544
11646
7800
10934
9454
8820
9975
7845
9274
8111
8658
10035
9086
7793
8130
10280
7596
9098
7789
9205
11234
10559
9575
11551
9243
8351
10099
11107
8195
10384
10218
10749
8726
8830
8896
11047
10051
8855
11971
9167
11574
8667
11050
10480
9243
8640
7636
11122
11615
9454
8597
9104
11151
8096
8131
8986
9571
8250
9191
8603
10721
10869
11651
10890
9893
9910
8808
7755
10898
9083
7729
10741
9127
10622
9632
10067
11510
11095
9807
8102
8214
10978
11492
10742
9287
8613
11599
8130
8198
11910
8975
9301
11665
10868
10447
8205
9016
7659
8086
11334
11832
11881
7723
10032
9225
9856
11978
8028
10465
10065
9477
10477
10443
8588
7888
11744
11377
8408
9102
8780
10312
8177
11558
10988
7607
10429
11076
10260
7675
8926
8550
11350
10508
10473
8271
8334
10754
8960
9017
11432
8636
11070
9666
10134
9932
10499
10858
10577
10480
10703
8828
8108
10557
11307
8522
11154
7823
8735
9924
10796
10780
9217
7853
9038
9015
10128
11969
11971
7816
11555
8490
9917
11392
9671
7644
11243
10512
8923